voxSizeCam = [240;240;240];
voxSize = [240;240;144];
voxSizeTarget = [240;144;240];
voxUnit = 0.02;
voxMargin = 5;
% Original K
% camK = [518.8579,0,320;0,518.8579,240;0,0,1];
% Modified K
camK = [113.415406814, 0, 320; 0, 113.415406814, 240; 0, 0, 1];
height_belowfloor = -0.05;
im_w = 640; 
im_h = 480;